10338280
10338315
10340929
10341681
10343612
10344495
10345065
10346298
10350753
10353450
10354868
10354897
10356406
10357676
10358894
10359571
10360631
10367641
10370931
10371400
10371959
10372130
10378482
10378848
10379968
10381006
10388938
10394538
10395259
10395805
10397518
10399478
10399680
10401138
10402615
10404700
10406598
10407591
10409278
10410644
10412921
10426042
10433219
10438769
10443463
10446376
10447167
10448441
10449452
10451110
10451123
10451495
10454286
10457862
10460157
10463224
10466304
10469867
10471880
10472923
10473224
10478424
10480035
10485514
10490946
10491780
10493086
10495035
10498978
10501235
10502772
10510624
10514779
10517312
10518781
10520096
10522250
10523281
10526232
10526853
10530733
10533386
10534667
10542264
10545394
10545479
10545862
10545865
10545869
10545910
10546056
10548194
10549276
10550632
10551600
10556463
10557843
10558961
10559333
10559341
10561004
10564631
10565479
10565846
10565962
10568436
10569646
10569927
10572109
10574087
10575777
10578207
10579852
10580219
10580635
10584634
10584712
10585428
10587315
10588883
10589929
10596454
10604922
10606989
10607089
10608684